{
    cer: 0.03664495114006515,
    wer: 0.18900160170848906,
    mer: 0.17842741935483872,
}