{
    cer: 0.04851046698872786,
    wer: 0.2319977584757635,
    mer: 0.22420796100731114,
}