{
    cer: 0.011684565222661269,
    wer: 0.030178502632592783,
    mer: 0.03003962674165921,
}