{
    cer: 0.047788681274364836,
    wer: 0.23215289488476673,
    mer: 0.22409115572436245,
}