{
    cer: 0.04639175257731959,
    wer: 0.21734475374732334,
    mer: 0.20453400503778338,
}