{
    cer: 0.012011265738899934,
    wer: 0.03558718861209965,
    mer: 0.035516969218626675,
}