{
    cer: 0.0051526091237282575,
    wer: 0.014678899082568808,
    mer: 0.014632524110409046,
}