{
    cer: 0.004785473139073716,
    wer: 0.016352411146337394,
    mer: 0.01629802095459837,
}