{
    cer: 0.00515836509396767,
    wer: 0.01419505678022712,
    mer: 0.014138389886892882,
}