{
    cer: 0.004723169771713461,
    wer: 0.016188251001335113,
    mer: 0.016129032258064516,
}