{
    cer: 0.045078382560721254,
    wer: 0.22522522522522523,
    mer: 0.21750951604132682,
}