{
    cer: 0.013585155732273028,
    wer: 0.038492063492063494,
    mer: 0.03829451243584682,
}