{
    cer: 0.05596511265704496,
    wer: 0.19790046656298602,
    mer: 0.19178598342125094,
}