{
    cer: 0.05352873921629768,
    wer: 0.1946282600233554,
    mer: 0.188040616773223,
}