{
    cer: 0.04452515469464622,
    wer: 0.22741345341964536,
    mer: 0.21956521739130436,
}