{
    cer: 0.008572258814413019,
    wer: 0.027238853912373122,
    mer: 0.027099578166943628,
}